% LCD RGB PRIMARIES
% Arthur's data in ColorQuiz.xls. Collected 2004
% Units of Radiance: Radiance Data from RGB displays (W/sr*m*m per nm)			
% Feb 14 2007

spd = [400:4:700]';

% RED
spd(:,2) = [6.81E-07
1.04E-06
1.30E-06
1.80E-06
2.50E-06
3.73E-06
5.03E-06
6.97E-06
9.87E-06
1.06E-05
8.94E-06
7.38E-06
6.72E-06
6.37E-06
5.37E-06
4.84E-06
4.47E-06
4.20E-06
4.05E-06
4.22E-06
4.57E-06
5.06E-06
5.08E-06
4.38E-06
3.30E-06
2.31E-06
1.63E-06
1.05E-06
1.13E-06
1.13E-06
8.89E-07
9.58E-07
1.10E-06
1.82E-06
4.14E-06
6.57E-06
7.09E-06
5.32E-06
2.80E-06
1.52E-06
1.17E-06
1.67E-06
5.07E-06
1.56E-05
4.12E-05
7.26E-05
9.70E-05
1.02E-04
8.58E-05
6.87E-05
8.44E-05
1.72E-04
2.65E-04
3.04E-04
2.66E-04
1.87E-04
1.27E-04
9.32E-05
6.41E-05
4.05E-05
2.72E-05
2.26E-05
2.34E-05
2.30E-05
2.13E-05
1.97E-05
1.90E-05
1.83E-05
1.73E-05
1.69E-05
1.64E-05
1.74E-05
2.01E-05
2.39E-05
2.55E-05
3.34E-05];

% GREEN
spd(:,3) = [1.33E-06
7.16E-07
8.13E-07
7.20E-07
7.83E-07
1.08E-06
1.44E-06
2.15E-06
3.41E-06
4.80E-06
5.88E-06
6.57E-06
6.79E-06
6.36E-06
6.00E-06
7.52E-06
1.19E-05
2.25E-05
3.75E-05
5.85E-05
8.81E-05
1.16E-04
1.30E-04
1.17E-04
9.31E-05
6.43E-05
4.43E-05
3.28E-05
2.54E-05
2.08E-05
1.75E-05
1.59E-05
2.12E-05
5.43E-05
1.75E-04
3.34E-04
3.94E-04
2.96E-04
1.43E-04
5.30E-05
1.99E-05
1.08E-05
1.50E-05
2.92E-05
5.48E-05
7.44E-05
8.02E-05
6.89E-05
4.86E-05
3.17E-05
2.59E-05
3.67E-05
5.06E-05
5.43E-05
4.43E-05
2.73E-05
1.60E-05
1.05E-05
6.85E-06
4.51E-06
3.18E-06
2.49E-06
2.47E-06
2.55E-06
2.52E-06
2.72E-06
3.01E-06
2.58E-06
2.82E-06
2.43E-06
2.60E-06
3.18E-06
4.41E-06
5.99E-06
6.99E-06
9.34E-06];

% BLUE
spd(:,4) = [3.41E-06
4.86E-06
7.14E-06
1.16E-05
2.04E-05
3.20E-05
5.19E-05
8.37E-05
1.36E-04
1.64E-04
1.59E-04
1.51E-04
1.60E-04
1.65E-04
1.62E-04
1.58E-04
1.51E-04
1.41E-04
1.31E-04
1.24E-04
1.28E-04
1.41E-04
1.41E-04
1.17E-04
8.72E-05
5.62E-05
3.58E-05
2.45E-05
1.73E-05
1.28E-05
9.68E-06
7.28E-06
7.54E-06
1.44E-05
3.81E-05
6.67E-05
7.43E-05
5.18E-05
2.26E-05
7.40E-06
2.83E-06
1.45E-06
1.32E-06
1.83E-06
2.52E-06
2.96E-06
3.28E-06
2.75E-06
2.18E-06
1.78E-06
1.76E-06
2.64E-06
3.39E-06
3.73E-06
3.25E-06
2.40E-06
1.75E-06
1.49E-06
1.44E-06
1.27E-06
1.07E-06
1.03E-06
1.06E-06
8.32E-07
9.65E-07
1.07E-06
1.11E-06
1.26E-06
1.67E-06
8.17E-07
1.12E-06
1.42E-06
1.41E-06
1.58E-06
1.64E-06
1.78E-06];

lambda = 400:4:700;