% CRT RGB PRIMARIES from Arthur's spectral collection
% Not sure which particular monitor this is. I think it is the old Mac from
% 425 lab. Nevertheless it looks like a decent example of a generic CRT
% radiance distribution.
% Data has been exported from MiscSpectra.xls 
% Sowmya Ravikumar March 5th 2008
%

spd = [380:4:760]'; % Radiance measurement wavelengths in nanometers

% RED
spd(:,2) = [0.00E+00
0.00E+00
0.00E+00
0.00E+00
0.00E+00
0.00E+00
0.00E+00
0.00E+00
0.00E+00
0.00E+00
0.00E+00
0.00E+00
0.00E+00
0.00E+00
0.00E+00
0.00E+00
0.00E+00
0.00E+00
0.00E+00
0.00E+00
0.00E+00
0.00E+00
0.00E+00
0.00E+00
0.00E+00
0.00E+00
0.00E+00
0.00E+00
0.00E+00
0.00E+00
0.00E+00
0.00E+00
0.00E+00
0.00E+00
0.00E+00
0.00E+00
0.00E+00
0.00E+00
0.00E+00
0.00E+00
0.00E+00
0.00E+00
0.00E+00
0.00E+00
0.00E+00
0.00E+00
0.00E+00
0.00E+00
0.00E+00
8.79E-05
1.65E-04
2.61E-04
3.76E-04
4.46E-04
4.10E-04
3.00E-04
2.47E-04
4.37E-04
8.13E-04
1.45E-03
2.26E-03
2.67E-03
2.46E-03
1.58E-03
7.30E-04
2.43E-04
9.03E-05
5.28E-05
4.75E-05
4.72E-05
4.69E-05
4.62E-05
5.52E-05
6.05E-05
7.37E-05
1.15E-04
1.61E-04
1.82E-04
2.27E-04
7.65E-04
1.75E-03
2.15E-03
1.49E-03
6.27E-04
3.19E-04
1.51E-04
5.97E-05
3.30E-05
2.64E-05
2.34E-05
2.24E-05
2.15E-05
2.00E-05
1.72E-05
1.68E-05
1.77E-05];

% GREEN
spd(:,3) = [8.99E-06
8.93E-06
8.49E-06
7.99E-06
8.27E-06
9.59E-06
1.12E-05
1.37E-05
1.57E-05
1.87E-05
2.10E-05
2.60E-05
3.00E-05
3.37E-05
3.62E-05
3.97E-05
4.20E-05
4.83E-05
5.31E-05
6.18E-05
7.35E-05
8.95E-05
1.16E-04
1.49E-04
1.95E-04
2.59E-04
3.30E-04
4.21E-04
5.25E-04
6.31E-04
7.52E-04
8.69E-04
9.71E-04
1.07E-03
1.15E-03
1.21E-03
1.25E-03
1.27E-03
1.29E-03
1.28E-03
1.26E-03
1.21E-03
1.15E-03
1.08E-03
1.01E-03
9.35E-04
8.48E-04
7.74E-04
6.98E-04
6.04E-04
5.31E-04
4.61E-04
3.93E-04
3.33E-04
2.87E-04
2.46E-04
2.05E-04
0.00E+00
0.00E+00
0.00E+00
0.00E+00
0.00E+00
0.00E+00
0.00E+00
0.00E+00
0.00E+00
0.00E+00
0.00E+00
0.00E+00
0.00E+00
0.00E+00
0.00E+00
0.00E+00
0.00E+00
0.00E+00
0.00E+00
0.00E+00
0.00E+00
0.00E+00
0.00E+00
0.00E+00
0.00E+00
0.00E+00
0.00E+00
0.00E+00
0.00E+00
0.00E+00
0.00E+00
0.00E+00
0.00E+00
0.00E+00
0.00E+00
0.00E+00
0.00E+00
0.00E+00
0.00E+00];

% BLUE
spd(:,4) = [1.18E-04
1.53E-04
1.98E-04
2.49E-04
3.11E-04
3.77E-04
4.75E-04
5.91E-04
7.31E-04
8.95E-04
1.05E-03
1.24E-03
1.40E-03
1.53E-03
1.65E-03
1.72E-03
1.76E-03
1.77E-03
1.76E-03
1.68E-03
1.61E-03
1.52E-03
1.39E-03
1.27E-03
1.12E-03
9.64E-04
8.40E-04
7.17E-04
6.12E-04
5.32E-04
4.51E-04
3.80E-04
3.20E-04
2.62E-04
2.18E-04
1.85E-04
1.54E-04
1.32E-04
1.16E-04
1.02E-04
8.98E-05
8.01E-05
6.97E-05
0.00E+00
0.00E+00
0.00E+00
0.00E+00
0.00E+00
0.00E+00
0.00E+00
0.00E+00
0.00E+00
0.00E+00
0.00E+00
0.00E+00
0.00E+00
0.00E+00
0.00E+00
0.00E+00
0.00E+00
0.00E+00
0.00E+00
0.00E+00
0.00E+00
0.00E+00
0.00E+00
0.00E+00
0.00E+00
0.00E+00
0.00E+00
0.00E+00
0.00E+00
0.00E+00
0.00E+00
0.00E+00
0.00E+00
0.00E+00
0.00E+00
0.00E+00
0.00E+00
0.00E+00
0.00E+00
0.00E+00
0.00E+00
0.00E+00
0.00E+00
0.00E+00
0.00E+00
0.00E+00
0.00E+00
0.00E+00
0.00E+00
0.00E+00
0.00E+00
0.00E+00
0.00E+00];
